2.0313732825
1.2563969589
0.6146983286
-1.2057778034
0.1640899189
-0.3113368113
0.7619273885
1.5078724926
-0.5026665788
0.7897444454
-0.0575901901
-0.6077858858
-0.3563432017
-2.0288054482
0.5534336890
-0.1125488074
-0.5499746207
-0.8694033913
-1.8015633571
-1.2706278378
-0.3496462647
0.0708600672
-1.3406291973
-0.0918161016
-2.3040739018
-0.3728871171
-0.1655378027
-0.5194841563
1.5694457978
0.6100905182
-0.7143921577
-0.9954427563
0.1838315186
-0.3206790335
-0.7904327730
0.9546295686
-0.2239500338
-0.0622228246
0.5176443630
-0.5111462611
-1.0373197596
-1.3107143362
-1.8548103282
0.5098289071
-1.2399167521
1.3847936904
-0.9971807334
1.2374318459
-2.0016872807
-0.7606394135
-0.8478113404
-0.2645841294
-1.0545580088
-2.9505928393
-2.4888996430
-1.1738154518
-1.6466021792
-1.1256456546
-1.5797904271
-0.5053596641
1.2857445539
1.7780245361
0.3227726755
0.5533042747
-0.6980600415
-1.0848589325
0.1554794255
-1.2893305770
-0.6035470316
-1.1258133921
-0.2611034767
-0.0537446644
-0.6188704523
-0.2486230552
0.3609151398
-0.7635255569
-1.4962500671
-0.5516986723
-1.5284458236
0.6629286115
0.4362230270
1.9255625520
2.0123537091
2.3439262298
0.5180497141
2.2992750412
-0.0216940430
-0.5149505843
-0.6976875821
-1.2810572148
-0.4916921343
0.1623808612
0.8542094620
0.0450412212
0.3032689732
0.5750296664
0.4777292343
1.9657120742
-0.0354363715
1.1921142958
1.1954651618
-1.1969189472
1.1193844493
-1.0727602098
1.9147700793
0.6177193023
-0.6937981638
-1.4201391201
-0.6109595197
-0.8904363316
-0.9990927645
-1.0583510481
-0.3783921037
-1.8299334981
0.1358759199
-1.6449406905
0.0984242335
-0.7463843054
0.7212209676
-0.0678919145
0.6899672851
0.6197071008
0.0790152213
-0.2486444767
-1.7940139652
0.2565280320
-1.0508227442
-0.7709522054
-0.6049710313
-0.2641228148
0.7454779457
0.4642304205
-0.8812990947
1.6492217592
1.3743328984
-0.3572321151
1.1901421787
-0.6238067676
-0.2413666735
1.0958323274
-0.4893405970
1.8224858985
0.5805736118
0.6657337684
-1.1401792870
-0.5420569723
-1.7332730669
-0.0350316430
0.9576025888
0.3180335188
0.2823312181
-0.5510461281
-0.0945880941
1.4837282929
0.0605548454
1.8390024092
1.3702852890
1.7270048682
-1.5744296129
-1.0298431445
-1.7546810900
-1.0911695699
0.3594746811
0.1684290596
-0.9154690521
-0.1928962120
0.4102038519
-0.4440797675
0.2433840854
-1.8699864749
-2.5760353177
-1.6014950891
-0.1324093816
-0.3216610262
0.3540174113
-0.6684489914
-1.6563192584
1.0273465454
-1.2630348244
-0.2934147798
-2.5738115408
-0.4250187604
-1.1155981159
1.6295495424
-0.3581256887
1.2877043754
-1.0892905591
0.7207966778
-1.1964373320
-0.1287790045
-0.7358381332
1.1185677372
-0.4177510553
1.5430885406
0.9186255552
0.7781498724
-1.2374513593
-1.5888497472
-0.5360943200
0.8670577318
-0.5560075972
1.3139693561
-0.9925787059
0.3965320672
-1.5149153425
-0.1704404943
-0.4608209934
-1.0468785248
1.4481938822
-0.5183118481
0.0769809495
-1.0922340010
0.7367030215
-0.1340845094
1.4408559742
-0.6163953557
0.8768871256
0.9082875448
0.2858088018
0.3619406318
-1.1648202015
0.2169217919
-0.3517179582
-0.0870864904
1.6699588107
0.5752243043
1.1989280760
0.7575115119
0.4264753546
0.7977352080
0.0515407916
-0.7579811047
0.9488117960
-0.9229193714
0.2508639452
-0.1654946811
-0.1596338414
-0.8285878950
0.4685044262
-0.0575931037
-0.9809837098
0.9870571533
-1.5441550276
1.0142925020
-1.0868249151
0.6395363350
0.0455618701
-1.0972355611
0.1191379760
0.5400713665
0.7415813008
0.9695192688
0.5824248852
0.5595589126
0.3192511858
0.6403022491
0.8158596207
-0.7086461466
0.7212842116
-1.3061046491
0.1394955865
-0.3824300083
0.5184112996
-0.2167449362
-0.1832226231
0.7301495610
0.6029450842
1.3253517170
-1.1925036395
-0.8452284569
-0.8684776578
-0.9489305411
-0.4490070410
-0.4746184624
-0.5008468201
-0.0920677393
-1.4074545067
0.4482787533
-1.1468474533
-1.8592660893
0.3466185608
-2.9675322870
-0.3017902318
-1.7310818795
-1.4734768676
-0.4833139142
-1.4110548392
1.1269457420
-0.1841778269
-0.0920153759
-0.1130030720
0.1044436449
-1.7794141294
0.8321717867
-3.3731278523
1.4811108472
-0.9188921457
-0.2314670602
-0.4049506740
-1.4934808773
-0.6734011950
-1.9713117288
-1.3193939825
-1.7679361291
0.5416679342
-0.9054874021
1.5721525175
-0.7316079721
1.1054059162
0.1967068329
1.4583412505
1.2719011369
0.9362135676
0.5087246481
-0.2436079254
1.2446675620
1.8015749290
0.3975798284
1.7272172827
-0.5213128475
0.4559416409
-0.3465998760
-0.8570659266
0.8061857428
0.6109047326
0.4352923263
1.5064864732
0.4145973814
0.1536202633
2.6444388388
1.0490368298
0.5064191199
0.2264733811
0.2496551847
0.3827154364
1.3180664887
0.7492645011
0.6329040045
0.5427600519
-1.4586465831
0.2778831014
-1.5851393143
-0.1130224766
-1.8376647489
-0.4589838490
0.0143902293
0.3324706049
0.6558505200
0.5048389991
-1.1339453106